0.0 0.0
0.02 97.515314977486
0.063 5878.53583172749
0.116 6146.98602942749
0.206 6321
0.349 6313.79435442749
0.578 6286.77140577749
0.921 6281.54474492749
1.378 6265.53114572749
1.834 6213.59815387749
2.29 6137.53355767749
2.746 6164.89012297749
2.87 6079
3.202 4268.05705662749
3.659 2843.95878332749
3.999 1793.95598022749
4.19 1242.26524667749
4.38 513.757688627486
4.487 77.831932627486
4.517 0.0
15.4 0.0
15.407 4907.495
15.42 4008.216
015.447 3866.9
015.75 3866.9
015.902 3866.9
015.979 3892.594
16.639 4277.999
17.208 4303.693
17.286 4303.693
17.319 4188.071
17.4 3404.414
17.464 2916.234
17.552 2569.369
17.642 2569.369
17.683 2440.901
17.747 1965.567
17.784 1541.621
17.834 1104.829
17.885 835.045
17.945 719.423
17.996 475.333
18.117 205.55
18.262 51.387
18.376 0.0
